Some((
    red: 0.9206906,
    green: 0.9206907,
    blue: 0.9206905,
))