Some((
    red: 0.101960786,
    green: 0.105882354,
    blue: 0.14901961,
    alpha: 1.0,
))