Some((
    red: 0.25490198,
    green: 0.28235292,
    blue: 0.40784314,
))