Some((
    red: 0.14117648,
    green: 0.15686275,
    blue: 0.23137255,
    alpha: 1.0,
))